0.004632
0.007958
0.00826
0.011163
0.009698
0.0117
0.018751
0.012301
0.017682
0.023883
0.023554
0.025678
0.016919
0.022743
0.016983
0.022638
0.023412
0.032822
0.029442
0.022679
0.028796
0.029928
0.038484
0.031096
0.032914
0.033125
0.030799
0.026908
0.039092
0.044345
0.039735
0.039903
0.040045
0.04647
0.039985
0.033097
0.047139
0.0457
0.046799
0.052526
0.041877
0.041575
0.052373
0.048664
0.059588
0.064229
0.062092
0.059053
0.053646
0.059229
0.059077
0.063013
0.066889
0.079344
0.078019
0.077933
0.07168
0.063698
0.08143
0.08326
0.094565
0.098302
0.100601
0.093395
0.111746
0.108472
0.115434
0.115742
0.125812
0.131334
0.129281
0.143194
0.152825
0.132562
0.151806
0.156436
0.176904
0.192866
0.165264
0.166133
0.158871
0.164449
0.176698
0.173846
0.183436
0.174005
0.195416
0.192297
0.192759
0.210857
0.257663
0.222631
0.242208
0.251328
0.253366
0.243038
0.251581
0.278482
0.271136
0.258718
0.287479
0.314187
0.271826
0.320319
0.31027
0.302648
0.342146
0.349244
0.389675
0.379298
0.398219
0.378419
0.389893
0.389515
0.391179
0.404465
0.424597
0.433253
0.475196
0.45023
0.492942
0.476028
0.4668
0.491772
0.498264
0.491126
0.486416
0.519352
0.531824
0.565292
0.56424
0.551498
0.590526
0.60623
0.585882
0.600988
0.643136
0.650548
0.656024
0.64926
0.695952
0.689938
0.6978
0.703616
0.679726
0.695164
0.739244
0.7141
0.751228
0.7319
0.803072
0.796228
0.74702
0.991132
1.12174
0.840576
0.919724
0.905528
0.860588
0.772996
0.885932
0.915948
0.890288
0.892424
0.901644
0.900224
0.946264
0.952188
0.924
0.947448
1.00747
1.0365
1.10081
1.1007
1.04978
1.09026
1.05142
1.07898
1.11911
1.11956
1.17889
1.20726
1.14712
1.153
1.10895
1.16138
1.18116
1.16758
1.19554
1.28401
1.21919
1.24029
1.23541
1.27421
1.28318
1.31473
1.23896
1.35186
1.37372
1.35522
1.4419
1.37241
1.37978
1.38272
1.37188
1.34124
1.41464
1.38638
1.3897
1.41849
1.49439
1.48362
1.52539
1.50659
1.46913
1.55734
1.65882
1.59726
1.55954
1.57633
1.6277
1.67658
1.69218
1.58354
1.65978
1.68994
1.72317
1.97954
2.06149
1.79226
1.72293
1.82616
1.84237
1.85
1.94029
1.84904
2.00819
2.15898
1.96826
1.86002
1.86437
1.85077
1.95203
2.05502
2.26138
2.1691
1.97026
2.05117
2.36341
2.31493
2.22854
2.12221
2.16437
2.1163
2.08966
2.12968
2.15555
2.134
2.17547
2.19445
2.20102
2.22458
2.23347
2.1697
2.22834
2.25406
2.2536
2.29944
2.27997
2.33742
2.4547
2.48896
2.56626
2.8549
2.29202
2.3779
2.24701
2.32398
2.42773
3.32042
2.36648
2.59594
2.65987
2.56835
2.45614
2.69256
2.68496
2.6813
2.75203
2.78157
2.81475
2.9967
2.99149
2.77517
2.67907
2.79542
2.79981
2.74086
2.78579
2.84246
2.92371
2.86205
2.94458
2.96666
3.04618
3.05654
3.14157
3.0881
3.18704
3.20058
3.26115
3.23078
3.2193
3.1857
3.59027
3.29542
3.40413
3.3489
3.30378
3.38877
3.25315
3.48816
3.40874
3.26771
3.2928
3.50544
3.45408
3.43469
3.65933
3.53222
3.67187
3.6616
3.63885
3.84944
4.00531
3.73242
3.87005
3.84365
3.86659
3.88189
3.62877
3.87837
3.81459
3.85149
3.96509
3.96742
4.06022
3.95654
3.99699
4.08166
3.89693
4.00518
4.04822
4.07776
3.91709
4.04806
4.19741
4.20608
4.31709
4.37418
4.25181
4.36109
4.3024
4.46022
4.36282
4.63904
4.59802
4.87648
4.71763
4.35258
4.83898
4.60634
4.66022
4.72845
4.75904
4.90054
4.8217
5.02022
4.99142
5.07629
4.74598
4.78669
4.93594
4.87501
5.13299
5.02221
4.80941
4.91898
5.25395
5.17363
4.99789
5.20998
5.288
5.25702
5.13754
5.37882
5.24602
5.44557
5.5888
5.4464
5.3623
5.41338
5.34387
5.58726
5.54701
5.84851
5.74957
5.77325
6.06106
5.95251
5.68096
5.53958
5.71622
5.89434
5.88941
5.77082
5.88627
5.7641
5.87757
5.67782
5.98688
5.99181
6.12723
6.31469
5.14957
4.67149
4.56634
4.88211
4.70554
4.56627
4.62342
4.81075
5.13165
5.03808
5.05485
4.66266
5.52749
5.36154
4.69485
4.93504
5.35654
5.16518
5.22688
5.54861
5.43315
5.3408
5.23718
5.20006
5.52045
5.65805
5.28685
5.30842
5.37152
5.38374
5.4425
5.46202
5.49658
5.90534
5.31827
5.49197
5.94522
5.80646
5.74886
5.74867
6.06368
6.15014
6.05811
6.32832
6.49229
6.02906
6.1728
6.1161
6.07245
5.95597
6.18586
6.52109
6.2473
6.13094
5.68832
5.90656
6.29466
5.9735
6.42112
6.38387
6.55347
6.72896
6.42035
6.5655
6.37939
6.25677
6.5609
6.50778
6.54899
6.77222
7.04397
6.51277
7.15763
7.0656
7.0752
7.28627
7.06406
7.02554
6.90125
7.11757
6.99558
6.83661
6.53338
6.78234
6.60787
6.62822
6.33472
6.912
8.08422
9.93421
10.3386
12.0431
11.8577
11.4816
11.8956
11.1278
11.5729
11.6362
11.5608
11.8706
11.657
12.7697
12.8668
13.8104
11.2874
11.7578
12.3304
11.9468
12.4104
11.8935
12.4499
12.273
12.367
11.4982
13.5382
12.976
11.9283
12.006
12.1321
12.3598
12.1766
12.7812
12.8147
12.8293
12.7965
10.4179
13.0031
13.177
13.0497
12.0893
9.08838
8.30976
8.34611
8.58035
8.00653
8.10317
8.42765
8.4247
8.10662
8.31475
7.96864
8.14272
8.52211
8.9545
8.53184
8.95245
8.84813
8.86118
8.64064
8.92595
9.12883
8.91418
8.80538
8.58035
9.51501
9.37754
9.5191
9.19834
9.4048
10.1298
9.59923
9.20832
9.59232
9.4592
9.92845
9.8153
9.65402
9.75053
9.95456
10.2851
10.0442
9.46202
9.45536
9.58874
9.73645
9.94125
9.6896
10.027
10.0029
9.51322
9.89107
9.81376
9.98221
9.85677
9.17504
9.50195
9.8199
9.56288
9.96429
9.8985
10.0513
9.70931
9.93715
10.1747
10.0211
10.9819
10.4955
10.1458
10.0895
10.4556
10.5549
10.6929
10.6588
11.1529
11.0377
10.9258
10.9023
11.4307
11.9619
10.5853
10.6885
11.3108
11.3375
11.234
11.233
11.5077
11.2914
11.6879
11.0502
10.8124
11.7501
11.8241
11.6365
11.8034
11.6708
12.3976
11.8925
11.2422
11.689
11.7376
10.6934
11.6434
11.3672
11.7317
11.6147
11.319
11.0817
11.1488
11.2256
11.2187
11.4322
11.4767
10.7295
10.7528
11.1427
10.9604
11.1455
11.3313
11.6659
12.1172
11.8781
11.6677
11.6618
11.5686
11.8915
12.0468
11.767
12.2964
12.3379
12.3451
12.3945
12.4969
12.5519
11.742
11.8915
12.3919
12.2365
12.5486
12.5691
12.5138
14.9937
16.7455
15.9578
14.2881
15.0321
15.6298
16.3064
15.3574
15.5387
12.9677
13.3225
13.6125
14.3921
13.0038
14.0165
13.1786
13.6817
14.338
14.0844
14.1025
13.9046
14.5656
14.7346
14.4356
14.5034
14.0429
17.1796
14.7935
16.342
16.3372
15.3917
18.5702
18.9829
18.0675
19.2653
16.5545
15.4417
15.3405
15.487
15.5233
15.7635
15.3715
15.136
15.5049
15.5364
15.0108
14.5618
16.9812
15.745
17.8893
18.7205
19.6787
18.1189
21.1825
19.1137
19.3336
20.8691
26.0004
24.183
19.5978
17.7869
16.0829
18.1284
21.1215
20.2685
15.2366
15.0845
16.2811
14.0575
13.2849
15.0272
18.6179
16.2959
16.8115
16.6912
15.1357
16.7557
16.706
16.1275
15.1398
16.748
16.98
15.5663
16.4419
16.0906
15.8889
15.6119
15.5986
15.2776
15.746
16.407
14.5331
15.1091
14.6964
15.6058
13.8532
14.5577
14.6104
15.4716
15.6273
14.0396
15.3615
14.9652
14.8659
15.0789
18.0541
14.7215
14.9632
14.4696
15.9447
18.0762
17.1218
15.1107
16.2509
16.7388
17.4556
18.0239
17.3076
19.5415
19.3997
19.777
25.0506
23.1629
22.3872
21.6663
21.1323
22.3739
22.3237
21.9438
22.1338
21.6289
21.0488
20.5558
21.7267
21.9167
21.5578
21.6264
21.6212
21.4467
21.6796
21.3868
22.2684
26.2861
26.9578
25.6358
20.8829
20.2414
21.5342
21.4006
21.1057
24.8366
21.0243
20.222
20.0996
20.7872
19.6526
20.8333
21.9786
22.2177
21.6202
21.6151
20.0479
22.6212
22.0774
22.1921
21.888
22.3887
21.4446
19.8467
20.4518
24.4859
22.4369
21.0606
20.6561
20.9044
21.4149
23.8945
25.2923
21.6781
19.2573
21.2557
20.0161
19.5343
22.358
21.9197
21.0417
22.5142
20.9823
24.1976
22.5997
27.6695
29.0637
26.2513
28.4774
22.0544
21.5153
21.2593
22.0964
22.6499
23.3411
24.0773
23.2448
22.5367
23.081
22.7855
22.3611
21.6945
22.8931
23.573
23.5279
22.5142
23.2074
22.5618
23.8807
23.9452
22.8961
24.3215
22.2792
20.8476
21.0995
20.9879
21.183
20.7268
20.5742
20.8256
20.3766
20.9992
21.3176
21.652
22.1138
21.3228
21.4513
31.0671
24.7276
31.0794
28.7391
26.5047
26.8196
26.6665
29.418
26.3793
25.77
25.1003
28.3817
24.1582
22.3892
21.2106
21.3955
21.3699
20.5819
21.4876
21.442
21.8552
23.3057
23.8444
23.1552
22.9468
22.3964
22.5336
22.1066
21.3366
21.845
22.4548
22.6222
21.9105
22.06
22.356
23.5284
23.638
22.5044
23.723
25.1576
24.3384
23.5919
24.8453
25.7249
23.1229
22.9868
27.5282
33.6302
35.2758
35.6219
35.4806
35.6516
35.4437
36.3264
36.9326
37.1907
36.6684
36.5404
36.5558
36.865
37.5726
37.2173
36.5691
37.8921
39.2376
36.6049
36.7749
36.478
34.6931
34.772
34.988
35.1406
34.7812
35.8011
35.1816
36.2803
36.2506
36.0591
36.2301
36.609
36.5107
35.9158
35.1703
34.8262
37.3658
37.4477
36.2639
36.7872
36.7104
36.4012
36.8077
36.8445
36.6438
36.8957
36.2557
37.3658
36.7319
36.3735
36.778
37.8952
37.4692
37.6166
37.6289
37.3647
36.95
42.5748
44.9362
43.7606
42.2963
53.3668
52.4052
51.6116
48.4813
47.9181
48.6636
48.6001
53.1364
47.3395
47.2791
48.3359
48.6984
47.4358
47.6099
43.3213
41.7843
44.1805
42.8401
42.4765
42.8575
43.0438
42.4745
44.5204
41.8683
43.4883
43.4319
42.5677
42.2185
42.8524
42.199
42.5472
42.5646
43.8426
43.7443
45.6878
44.4447
44.1641
43.6163
44.8799
44.8102
44.1201
42.838
47.1593
44.7631
44.7437
47.3508
46.9187
46.5551
44.8389
44.8051
44.9966
44.1518
45.1379
45.6315
43.5302
43.6439
44.2051
43.4012
45.0304
43.4493
44.374
43.8702
44.1856
43.5282
41.8857
43.1841
44.6249
44.9772
41.8662
42.9189
43.135
42.8657
42.3752
43.436
44.0945
43.1268
43.0643
42.3434
43.6029
43.7637
44.2604
42.964
44.3064
44.4631
43.0797
43.1094
43.8211
43.1237
43.991
43.905
43.991
43.2599
43.093
44.4447
44.3187
44.6863
45.2782
45.7441
45.1348
45.4789
45.4031
44.8379
44.9997
46.0196
45.3233
45.2721
45.356
45.7748
46.2469
45.4697
45.3212
46.4456
45.7318
46.4138
45.952
45.9674
45.822
45.4144
45.7943
45.3581
46.2664
46.2223
46.3636
46.7466
46.6606
47.6344
47.4348
47.2504
47.6017
48.0154
47.233
47.4696
48.3348
47.5853
47.3846
48.1649
48.1731
47.7164
47.7
48.2959
48.2816
48.8305
47.6611
44.3699
39.9196
40.2514
39.7701
40.1695
39.5653
40.2371
39.9544
47.5771
45.8916
44.3187
43.86
43.4913
45.7933
51.0546
44.1713
39.938
37.1958
37.1282
38.9325
38.9407
34.1361
31.5638
33.9231
34.7791
35.1314
40.3436
43.6142
46.5306
47.6037
47.3149
49.324
49.0127
49.5534
49.5575
49.4264
50.1268
49.9343
49.8196
49.8258
50.2129
50.3296
50.8703
50.6696
51.2082
50.4955
50.1944
50.5999
50.9379
51.4028
52.3059
51.6792
51.1939
51.7018
52.0643
51.9086
52.7483
52.7524
51.8349
51.3495
52.0172
48.2877
44.1876
44.587
44.5788
44.8328
44.0566
45.2137
44.7857
45.099
44.8737
45.7953
45.4656
45.5782
45.5619
46.0902
46.5797
45.4636
45.7544
46.1128
46.0861
45.4943
45.1994
46.2643
45.5864
46.3258
45.9858
46.5469
46.3544
45.9182
45.6315
46.5162
46.3995
46.3933
46.2459
46.6637
46.8029
47.403
46.635
45.2383
46.0247
45.8301
45.4943
46.2623
47.1777
39.17
37.1896
36.8169
37.2408
38.3017
39.1475
39.4486
40.1449
39.6923
39.9688
39.9299
40.2248
40.4009
40.9149
41.1443
40.8965
40.1654
41.1607
41.2283
41.1996
42.1069
41.0788
40.5811
41.7956
40.7818
42.2666
42.3281
40.6671
41.986
41.5969
41.9594
41.6338
41.2897
42.3342
42.2728
42.9732
41.6276
41.0296
41.044
42.2973
42.3465
43.7576
43.3541
41.558
43.0285
43.348
42.8257
42.6189
43.4053
43.2681
43.5487
43.5261
42.0188
43.1841
43.5077
43.8149
43.3132
43.4565
43.819
43.2538
43.2497
44.1713
44.0812
43.8866
43.5999
44.159
44.4375
44.1754
45.0826
44.8287
44.5686
44.7119
44.3884
44.6444
44.8471
45.3345
45.6335
45.1768
44.9024
44.501
45.5782
45.6315
44.9802
45.7974
45.8424
45.1912
45.8609
45.8957
46.5818
45.3837
45.8383
45.8752
45.8936
46.1783
45.822
45.5045
44.9536
46.7599
46.1804
45.2608
47.4808
47.3047
47.5628
46.9627
46.7395
47.4911
46.6924
47.3231
46.3606
47.831
47.4665
47.9437
47.8577
47.3661
48.1382
47.1839
48.4393
48.1669
47.999
47.956
48.2877
47.3457
48.5683
48.556
48.0031
46.1824
49.0496
46.8214
48.6093
48.2386
47.1327
47.9642
49.6169
49.4244
48.1956
48.6851
49.2851
48.9533
49.1172
49.2401
49.068
48.3697
49.6497
49.3036
48.5171
49.9364
49.111
50.5999
49.705
49.707
48.5356
49.3138
50.0367
48.6851
49.5165
49.9528
50.5324
50.7945
49.1028
50.6081
50.6634
50.3255
50.3091
50.5631
49.5493
49.3875
51.0648
49.9446
50.5528
50.6982
50.5999
51.1672
51.0321
51.5789
50.1965
50.6327
51.3393
50.5958
51.6936
51.1611
51.2287
51.4232
50.9215
51.5195
51.6219
51.6813
51.6321
52.7954
52.3366
52.1769
52.3346
52.0438
51.4273
52.5025
52.9961
52.3878
52.3346
52.4001
51.6956
50.8027
52.2711
51.2205
51.3085
52.396
52.4923
52.4984
52.6213
52.5496
52.1462
53.164
52.1564
52.3981
53.9382
53.2419
52.2527
52.4616
52.7442
53.9402
51.37
53.033
52.6561
54.4133
51.2778
55.0318
53.4323
53.2009
53.7539
53.8051
53.8296
53.0596
52.9203
54.4461
52.396
52.3018
53.4344
54.0365
53.9443
54.3662
53.9423
53.9894
53.8993
54.0385
54.6181
54.2945
54.741
55.5008
53.674
55.4312
54.6447
54.53
54.4154
54.6693
56.1562
55.8121
54.4236
53.8501
55.3943
56.2749
55.636
55.8449
54.1737
56.3405
56.8566
56.8812
57.0655
57.0819
57.1597
57.1351
56.5821
56.6886
56.4797
57.4136
56.6313
56.32
57.2948
55.554
56.2504
56.5658
57.4095
58.0772
54.7267
57.0368
57.4382
57.2948
57.6225
56.6927
57.1679
57.4054
57.7946
58.622
57.9748
58.2492
58.7981
58.11
57.5324
59.3265
58.2205
57.897
58.7858
56.8443
58.4131
57.8929
57.3972
58.0567
58.9292
58.0977
57.557
59.0602
58.7735
59.5517
59.1299
59.9204
59.3633
59.7934
58.3885
59.7852
59.5763
58.9906
57.045
58.0854
59.4084
60.2849
59.8548
59.0889
60.5635
60.5225
59.9818
57.5324
60.3996
60.887
60.3341
60.2808
59.7074
59.6705
60.4938
60.2726
61.1779
60.0924
60.4774
60.9649
61.9602
60.0023
60.4529
61.5178
60.9772
62.7548
61.4687
62.1158
62.636
61.6571
62.8244
60.969
62.1609
59.0684
61.2475
60.8543
61.6489
61.6817
62.6934
61.1697
61.7349
62.2838
63.1112
60.9362
63.0497
63.0907
62.849
63.1316
63.8444
63.3938
64.1393
62.3002
63.9222
63.2095
62.9432
62.6606
63.3528
64.1188
63.3569
64.7045
63.3487
64.4055
62.6524
63.6887
63.7297
65.3722
64.3932
63.1398
62.2797
63.0456
63.746
64.8888
64.3932
64.4751
64.7332
64.9216
63.7501
65.1018
70.7093
76.5461
76.2675
76.5788
77.5414
77.1932
77.7175
78.2295
77.3366
77.2628
78.123
78.8193
79.147
80.0031
80.2816
81.0189
80.4536
81.2032
81.1336
81.0926
81.3548
81.3916
82.2026
81.5145
82.3132
82.133
82.7146
81.9405
82.5426
83.1078
82.2354
82.9891
82.2026
82.1371
83.0833
82.8334
82.6532
82.7965
82.5057
82.5999
82.4934
83.6608
83.1652
83.4806
83.7468
83.0628
84.4718
84.439
84.3284
84.4431
83.6485
84.0704
83.1447
84.3858
81.4121
89.301
86.1962
85.8071
85.033
84.9265
86.1757
84.4472
87.806
89.7147
92.6106
86.1307
82.0183
76.075
64.8643
73.2242
68.2803
70.2095
73.9697
72.2575
74.0147
71.0328
71.9708
75.4893
72.3149
68.8005
69.7917
72.7572
76.4887
72.3968
70.3979
70.1153
69.1732
70.5004
72.6712
73.8714
74.5062
75.01
76.3126
76.1774
75.8374
74.8012
75.7883
75.4565
79.1962
74.6414
72.7695
71.3646
80.6707
76.8451
76.4068
73.9492
76.4027
71.5407
71.3482
73.515
75.0346
72.8146
75.6449
72.3968
75.6285
75.2968
76.415
77.1113
74.5062
74.3875
74.9363
76.1733
75.1616
77.4103
76.7017
76.0504
75.5794
76.288
77.0212
75.9644
77.1645
75.7555
77.0294
77.3448
76.7713
77.2547
77.6438
76.9229
77.2383
76.9884
76.247
77.4472
77.6806
77.3652
77.3898
78.164
77.652
75.8211
75.0961
75.7842
76.6566
74.6168
76.2184
75.4196
74.3055
75.4852
75.9767
76.3249
77.3038
76.886
75.0961
76.4641
76.6894
75.3336
75.9562
77.8117
76.9516
77.6192
76.4928
77.2997
76.972
78.6801
78.5039
77.2301
77.5619
77.4595
78.6473
78.6801
77.8281
78.9053
78.9217
78.676
77.9428
78.1189
79.5034
77.3038
79.1552
80.044
78.7948
75.264
77.6643
78.1722
78.7169
79.6508
79.9293
78.7292
81.2114
80.1546
79.1429
80.1423
80.8919
83.4355
86.3642
81.1131
80.7444
80.81
80.7363
78.5408
85.5122
88.6538
89.4444
89.4648
88.7562
90.7141
92.7253
93.4625
92.7416
93.5567
86.3068
82.9809
82.2641
80.7035
79.4583
80.5437
79.4132
82.346
82.0961
83.3045
83.7591
80.7526
78.8521
80.7403
81.6742
81.7193
79.8187
82.8129
81.6742
81.8545
81.3138
80.9288
82.3583
83.2963
81.0394
81.2401
82.604
81.2155
82.5713
82.2886
82.5549
85.0944
82.5508
82.7433
82.0429
82.7802
82.0879
83.243
84.2015
83.9639
84.4759
83.6485
84.2179
85.1558
84.9265
83.7591
85.2664
87.1424
83.9434
83.6895
84.7995
84.6643
85.6105
84.8486
83.4191
86.9171
84.1318
83.3004
85.6474
85.6965
83.4929
83.9516
84.9306
85.7579
83.8042
84.6971
85.418
85.463
85.8276
87.3718
86.1757
85.7784
86.274
84.1728
87.4086
84.8036
86.2331
86.7901
86.0692
87.0769
85.4712
86.7246
86.0119
86.8598
88.916
87.0687
87.2366
85.7416
88.6374
88.535
88.535
87.9165
88.105
87.4619
87.937
89.7065
90.5052
89.9072
88.5309
89.9318
90.3496
86.827
90.0301
90.2922
89.1372
90.0137
89.6451
92.1518
90.2758
88.7849
88.3671
90.7264
87.3513
90.8657
90.964
91.3654
90.7592
91.0705
90.9148
90.0956
90.5216
90.3332
88.8259
87.9329
89.9564
90.7837
88.3671
90.0874
88.318
90.0137
91.0541
92.3238
90.4233
90.325
90.3332
91.5538
91.8569
92.7253
91.5866
91.4063
91.6193
89.5877
92.0781
90.3496
91.5456
93.0365
91.7832
90.5462
91.8979
91.6767
91.8405
92.3812
93.3642
92.8809
91.7176
92.4549
92.9137
90.0465
91.2671
92.414
90.3823
92.5286
92.0535
89.7024
92.5368
92.9874
89.4403
92.7744
94.0605
94.2735
91.5292
92.3402
92.8481
91.9061
94.249
90.4397
94.9699
93.9213
94.5029
94.7077
92.6925
95.2238
92.7826
93.3151
95.1337
93.6837
95.3795
92.7334
93.5117
94.7814
95.0927
95.1091
95.2402
94.0196
94.6586
95.6006
95.0518
96.3789
93.9131
95.0354
94.0442
96.043
95.5269
95.6498
94.5766
97.1981
96.084
94.8306
95.6662
95.0845
93.8475
96.2232
96.3953
96.7148
95.0436
96.0758
96.7229
96.0266
96.215
97.3619
97.3783
98.7955
96.7967
96.6246
97.1407
96.5427
97.5749
98.6645
96.7148
97.452
97.5831
99.6475
96.3543
98.4023
95.5843
95.7563
94.4947
99.2707
100.082
98.3613
96.9933
98.304
99.7048
99.4837
98.7546
97.7715
95.3876
100.844
102.654
100.45
100.925
100.221
97.5258
102.711
99.0659
87.1629
94.421
97.4111
102.351
104.325
103.989
102.793
102.384
104.448
116.49
114.123
128.197
105.079
104.825
106.48
111.796
109.797
109.019
110.125
103.547
103.383
101.614
103.588
103.596
101.065
102.04
108.028
109.363
119.964
105.98
106.185
108.659
97.2472
97.4438
97.6978
104.661
107.332
109.658
103.49
105.464
98.6399
108.552
109.527
119.579
104.014
103.768
103.752
102.932
105.775
106.447
108.331
105.857
104.497
105.628
107.823
108.29
109.068
103.555
101.171
109.019
110.592
116.122
112.427
114.401
104.399
106.521
109.289
110.207
110.879
105.234
105.628
108.577
107.168
102.203
111.378
115.925
116.834
124.363
122.716
105.013
91.9142
98.263
99.7048
100.499
99.1232
101.761
101.663
103.907
104.849
102.932
101.376
104.456
104.071
102.908
103.539
105.226
105.128
101.425
106.635
105.292
132.661
128.336
114.672
121.537
142.426
115.778
113.41
112.476
112.345
104.219
105.456
106.398
128.86
146.178
145.506
132.727
126.37
139.821
150.766
152.994
142.205
109.134
110.576
111.247
108.823
115.491
104.219
98.2794
98.6317
98.5334
100.073
100.581
102.711
100.868
102.564
101.376
102.941
102.687
103.121
103.711
103.916
104.161
102.818
104.473
104.546
104.038
103.596
104.874
104.104
104.194
104.718
104.948
102.638
104.317
104.972
104.399
104.817
103.072
104.407
103.891
105.718
104.178
103.645
101.36
104.473
106.07
105.931
104.628
105.005
105.128
105.325
105.652
105.529
108.143
108.356
104.145
106.111
105.791
107.102
106.594
106.881
107.635
106.39
108.085
108.134
107.635
107.012
105.972
105.308
107.749
108.282
107.52
109.593
105.89
107.749
108.306
106.308
107.528
106.373
107.061
106.275
107.135
107.323
108.077
107.16
109.044
107.921
108.429
106.766
108.134
108.298
107.356
108.962
108.929
108.552
109.15
107.807
106.914
107.905
108.634
110.445
107.192
109.339
108.831
108.995
107.717
108.79
110.043
109.609
111.51
110.289
111.321
109.363
109.543
109.502
111.575
109.871
109.724
110.567
107.823
109.945
110.395
108.675
112.46
108.003
110.068
109.33
110.313
109.429
111.059
111.084
111.927
110.707
112.042
110.182
112.263
112.321
112.386
111.952
112.255
111.215
111.616
113.467
110.207
111.133
111.313
114.639
112.968
111.313
112.329
114.319
113.271
113.082
113.705
112.681
113.295
115.491
112.337
111.911
113.902
115.335
113.779
115.106
114.344
115.425
115.679
115.606
114.696
115.098
113.066
113.893
115.139
113.172
114.549
113.066
113.451
114.811
113.943
112.378
115.597
114.672
114.295
112.984
114.082
115.835
112.337
116.703
114.663
113.721
115.933
116.335
116.99
116.638
115.868
116.752
115.761
114.688
116.294
117.916
116.9
117.146
115.769
116.883
116.72
116.531
118.358
116.384
116.498
117.514
117.096
116.482
118.096
114.573
114.237
117.645
117.08
116.179
119.398
118.252
118.735
119.734
118.858
119.235
117.539
117.883
117.752
119.8
120.226
117.621
119.144
117.948
120.037
118.03
119.39
117.064
118.94
119.349
119.718
119.21
119.079
119.308
120.611
119.398
119.407
118.989
120.103
121.356
120.914
122.085
121.389
119.841
118.981
121.397
121.913
119.611
121.07
120.152
121.053
120.848
121.913
122.708
120.259
120.201
120.775
121.594
120.529
120.848
120.857
121.635
119.3
121.651
121.684
121.881
121.02
117.907
121.332
123.896
121.111
120.906
121.537
121.389
122.192
122.528
121.438
123.494
121.455
120.955
123.199
119.955
121.79
123.118
121.766
122.716
123.879
124.879
123.699
122.872
124.617
124.158
122.036
123.666
124.576
129.049
125.305
124.019
133.284
131.441
128.664
129.868
128.958
130.384
127.533
129.45
127.525
128.606
128.631
128.901
130.646
130.761
132.276
132.219
131.67
129.13
136.045
130.089
129.475
127.795
134.3
131.949
134.152
134.963
131.539
132.596
130.802
132.08
133.906
131.678
133.521
134.537
133.202
134.16
133.153
138.232
136.479
135.938
132.432
134.627
133.693
132.612
133.669
135.807
132.973
134.463
134.513
135.217
135.315
134.152
135.365
135.086
137.871
135.594
137.134
134.038
138.494
135.528
136.774
134.267
135.807
135.758
136.593
136.397
135.856
138.166
135.381
137.216
135.414
136.167
137.232
136.561
134.545
129.794
134.496
130.908
129.27
135.725
143.95
142.574
138.15
149.012
140.296
141.296
139.1
144.409
142.868
143.507
142.098
147.538
144.359
135.954
136.02
133.743
125.354
129.352
130.236
129.663
129.647
130.171
131.957
136.511
137.183
136.086
136.79
138.019
139.084
137.576
139.264
135.217
137.855
137.839
137.232
140.05
137.724
139.51
139.805
136.954
141.279
135.627
138.461
139.608
138.199
139.313
138.084
138.543
138.707
139.821
140.362
140.689
140.689
139.198
142.246
138.838
140.149
141.82
130.433
137.773
134.889
142.459
137.052
145.932
137.609
183.222
145.179
152.912
177.095
143.688
140.001
142.098
143.016
133.251
137.413
137.773
135.315
138.854
134.119
138.33
133.644
138.068
130.974
132.907
136.823
136.364
133.366
136.692
136.479
137.658
135.365
135.447
136.888
136.806
135.578
136.905
138.33
138.953
138.363
135.594
136.036
137.74
137.314
135.709
142.672
141.328
140.034
141.459
140.558
138.166
137.478
136.004
137.118
136.888
143.983
142.246
141.279
144.622
143.376
133.726
124.928
136.151
147.341
124.404
145.539
133.202
140.231
139.936
135.905
136.446
147.046
149.422
151.208
155.386
141.836
152.273
158.548
149.012
151.192
151.208
156.287
155.763
150.487
150.913
149.684
139.018
134.693
132.284
135.692
135.217
140.001
141.083
143.213
144.72
145.359
143.507
140.263
143.688
145.031
145.637
146.473
143.213
145.342
147.079
142.442
145.08
145.375
146.391
144.556
147.472
145.031
146.391
148.079
146.293
146.817
145.572
147.407
149.34
147.096
146.85
143.737
149.111
148.505
146.211
148.275
147.767
145.654
149.914
152.715
157.843
155.877
154.763
151.273
151.847
152.879
152.338
151.028
154.681
151.568
152.977
151.994
151.355
152.338
152.977
151.863
154.01
152.322
152.142
155.091
154.026
152.814
153.616
153.207
154.386
154.599
154.927
151.994
153.305
154.108
154.108
155.828
156.123
157.057
154.403
148.734
164.397
157.975
148.226
163.201
159.957
161.661
165.511
164.004
159.973
119.767
126.304
163.594
161.202
155.32
155.189
160.481
172.917
170.885
176.734
184.058
183.075
185.139
185.008
185.713
186.073
183.419
188.809
190.628
186.253
188.4
181.502
176.521
180.404
183.779
187.04
185.991
181.273
182.206
183.534
180.879
182.993
188.269
180.584
163.283
163.152
159.58
169.214
155.222
145.949
165.118
154.993
145.539
149.717
160.203
163.07
161.284
150.143
150.045
151.339
150.176
156.353
152.551
153.354
155.927
156.68
157.598
158.499
158.056
155.91
156.697
159.842
159.318
157.417
158.515
159.334
162.054
158.237
161.35
160.956
154.075
161.53
160.858
158.286
161.3
159.498
161.645
161.808
159.121
158.269
155.517
157.663
161.055
157.663
159.121
163.119
160.76
159.351
158.859
162.136
160.481
162.939
160.268
160.481
163.086
163.119
163.004
161.563
164.135
162.988
161.055
163.086
163.561
163.381
162.349
159.023
165.757
161.202
164.299
162.644
159.252
163.037
159.4
162.185
161.923
160.612
160.596
162.415
162.611
161.497
162.939
164.905
164.053
161.448
162.316
162.316
165.02
165.888
164.2
162.775
164.889
163.987
165.134
165.577
165.724
159.58
166.593
165.904
167.444
163.824
165.38
167.477
167.723
163.365
164.807
166.527
163.873
165.347
165.2
167.772
168.133
163.512
167.789
167.363
165.691
167.526
165.642
165.626
163.234
166.642
168.002
168.247
166.511
166.38
166.314
171.491
169.525
164.43
166.674
166.642
169.771
168.87
168.624
170.476
168.182
168.87
167.363
167.772
167.461
161.645
167.33
167.133
167.707
167.018
169.198
169.542
168.673
167.215
170.983
171.18
169.148
168.657
168.313
167.428
170.951
171.573
170.23
165.659
168.018
167.346
167.985
172.392
169.886
168.165
171.901
165.773
170.115
170.672
169.476
165.462
168.575
170.328
170.394
168.264
171.164
169.607
168.968
170.574
170.607
171.327
170.246
175.915
170.164
170.721
170.836
174.162
172.982
169.837
172.294
167.707
167.854
172.573
172.917
173.31
169.46
170.344
174.67
173.67
174.653
173.359
175.653
174.785
176.603
170.902
175.21
176.914
174.277
176.816
173.703
175.653
176.456
176.914
175.768
171.18
175.374
173.228
175.948
175.44
176.275
176.898
174.277
175.358
178.831
177.226
177.799
173.801
173.933
176.701
175.948
166.543
169.263
171.426
169.574
174.981
177.046
174.113
179.929
173.883
175.161
173.392
173.834
173.785
175.456
180.929
175.276
173.818
175.899
173.687
183.255
179.339
181.109
175.997
180.519
183.91
184.238
167.543
185.057
183.222
176.046
175.079
173.064
179.356
183.206
184.812
178.881
180.06
192.446
183.108
174.211
174.555
184.156
178.422
185.205
186.974
186.188
182.141
176.112
175.522
178.946
175.014
175.686
175.882
177.373
182.796
180.797
177.684
177.848
177.537
175.636
175.636
177.488
178.471
176.488
179.356
177.422
175.358
180.896
181.944
179.732
177.799
176.521
180.781
183.37
183.435
187.089
168.346
163.021
167.969
178.946
176.505
177.357
175.964
173.113
177.488
175.014
178.094
177.095
173.867
177.947
181.879
179.044
178.258
172.098
171.344
174.604
173.031
173.703
176.259
174.85
173.769
174.178
174.621
176.357
174.621
172.425
173.31
175.063
176.259
175.325
176.341
172.9
177.734
172.327
175.833
176.603
173.048
175.178
174.572
179.88
177.046
177.668
176.079
177.897
175.145
174.26
172.229
177.324
174.342
178.045
174.572
174.047
174.129
177.799
174.047
181.961
173.687
177.816
173.261
172.474
187.482
183.763
179.798
178.127
181.617
188.76
186.565
182.567
187.236
184.353
187.122
185.729
187.154
187.613
184.107
187.826
187.318
185.238
185.057
188.94
182.764
184.205
184.68
182.419
189.891
188.203
189.579
187.679
187.793
188.858
184.746
189.776
190.661
187.318
188.383
189.202
189.137
187.04
187.171
191.709
180.437
185.549
183.697
191.726
184.549
185.385
189.006
193.61
190.448
199.688
186.909
189.252
181.584
180.093
182.125
181.617
179.503
182.583
181.453
178.504
182.125
184.91
186.712
184.271
183.501
182.141
180.191
187.351
185.483
184.254
182.649
185.221
187.138
181.846
183.402
178.487
187.318
183.992
185.68
183.255
187.728
185.565
185.451
184.812
188.514
186.401
186.941
186.073
189.415
187.253
183.992
185.516
186.515
184.353
187.335
187.056
185.156
189.317
190.513
189.268
192.381
187.253
191.857
192.184
188.908
184.582
190.972
189.022
187.007
188.711
186.647
192.692
189.17
188.973
187.875
188.17
189.202
183.222
186.204
184.73
188.465
190.005
190.988
188.645
189.497
192.709
189.841
190.054
188.514
192.168
192.004
190.349
190.317
189.252
190.153
188.416
188.4
191.316
189.465
190.497
189.366
188.891
190.235
189.792
193.626
184.418
188.809
189.546
189.121
191.463
189.612
189.727
190.431
191.07
192.627
193.987
193.004
191.234
192.971
194.052
193.495
191.594
192.578
191.988
190.579
192.741
191.496
191.136
193.528
191.332
192.02
188.613
195.33
191.758
192.283
191.66
191.496
191.66
191.562
194.019
193.561
190.218
194.314
193.626
190.48
190.251
190.808
188.744
193.888
194.019
196.28
191.365
193.757
193.331
194.413
193.888
198.148
187.924
193.692
196.444
190.448
196.968
192.283
190.775
193.987
195.068
193.593
194.38
193.528
194.183
197.165
193.823
192.512
195.985
195.068
196.936
194.707
189.858
195.854
192.774
194.511
195.592
194.15
194.675
192.086
196.51
198.738
193.102
194.019
191.267
182.092
215.482
211.223
202.703
200.344
197.624
188.318
205.423
218.071
212.795
204.669
205.029
212.599
224.428
219.578
219.349
227.869
231.211
232.62
218.694
224.526
232.03
237.044
236.126
232.391
255.066
224.002
220.529
221.053
219.775
219.939
219.841
220.299
220.168
218.661
220.332
234.914
222.822
229.9
225.772
232.587
236.356
235.831
237.371
243.728
220.299
219.611
224.854
229.868
230.523
229.179
229.736
230.523
228.458
230.326
230.687
228.622
232.751
224.264
223.019
224.199
220.529
222.822
221.676
224.002
228.065
228.852
229.605
227.017
228.393
227.574
228.098
227.443
228.557
228.688
240.517
236.945
228.262
236.978
238.78
223.379
191.824
163.873
171.246
181.83
182.059
194.707
197.853
200.802
202.572
205.455
201.687
206.242
206.602
206.209
208.011
212.894
210.895
212.959
207.979
207.749
212.566
212.074
213.451
212.861
210.207
213.156
212.828
211.223
212.763
212.173
217.219
212.828
215.122
212.795
217.448
217.317
215.056
215.745
215.515
215.777
220.66
213.123
217.285
218.169
214.041
214.761
215.777
214.499
207.258
210.076
208.372
213.156
209.748
210.436
212.795
208.142
209.617
208.765
210.502
210.6
208.077
210.731
206.209
209.42
208.929
211.19
209.256
207.094
208.47
209.125
208.798
209.388
208.241
208.404
213.778
207.028
205.521
207.716
212.271
206.668
208.306
206.733
210.338
211.452
209.06
210.633
209.617
204.177
208.699
209.093
210.764
209.584
211.452
210.043
210.469
211.976
210.534
211.747
211.026
210.633
236.126
214.499
211.091
218.399
220.791
223.969
220.987
222.2
222.626
223.642
224.494
222.134
218.661
220.43
221.774
222.429
218.595
222.855
224.69
223.871
220.725
224.69
222.953
219.611
221.708
222.167
223.871
225.051
222.593
224.92
222.626
223.969
220.955
223.511
220.922
222.134
223.052
223.379
220.791
223.576
225.378
225.214
224.657
224.231
225.28
225.477
227.705
224.952
226.853
223.478
224.92
221.872
225.28
225.87
218.759
213.451
224.494
225.935
228.524
225.214
224.985
225.837
225.772
226.099
229.409
227.115
224.854
226.525
225.477
225.411
226.427
227.279
227.869
227.869
227.41
229.147
226.656
226.23
227.377
227.148
230.031
226.23
229.179
225.837
227.181
223.805
229.868
224.068
226.853
223.347
230.687
230.228
231.834
228.393
229.016
229.605
227.082
228.098
230.261
229.442
230.097
229.999
231.735
228.655
230.261
226.329
228.065
230.162
226.918
227.77
228.59
227.279
230.916
230.261
223.543
227.607
230.719
230.031
224.068
230.719
231.997
233.013
230.392
226.427
225.804
229.147
226.886
232.391
232.03
231.899
232.784
233.177
231.768
231.703
234.226
228.655
231.604
230.49
234.226
232.129
227.672
228.786
226.066
233.767
232.489
232.129
232.358
231.866
234.226
230.687
228
233.865
237.142
232.161
234.062
231.506
230.818
231.145
234.422
236.028
235.635
234.258
233.669
239.075
230.588
231.801
230.359
235.569
233.013
231.375
235.635
232.98
230.752
234.357
239.862
234.029
232.751
233.112
232.915
227.279
236.29
236.585
237.797
234.848
239.993
231.506
236.028
235.897
236.552
233.57
236.913
239.534
239.534
237.601
237.306
235.504
238.682
235.504
236.159
236.257
237.961
239.174
237.47
237.797
233.767
236.945
240.681
237.371
238.42
231.965
239.534
236.945
234.029
234.553
241.467
232.096
239.239
235.143
244.515
242.549
216.859
241.074
251.134
254.018
256.311
255.689
253.46
253.788
256.639
243.794
249.561
255.427
261.816
257.753
249.496
231.834
248.873
247.529
227.279
225.411
231.047
238.748
236.126
239.763
240.943
237.404
239.01
244.646
243.827
243.63
244.711
243.302
246.252
244.515
245.694
242.483
241.533
241.074
242.09
244.285
242.778
241.893
241.5
242.385
246.022
244.449
244.154
247.955
244.384
249.496
242.188
242.319
250.02
244.646
245.039
242.385
248.152
240.976
243.761
245.826
245.826
247.857
247.071
243.204
244.187
247.398
243.696
245.76
239.305
249.692
244.22
247.398
246.448
246.579
247.857
246.776
248.938
247.529
244.122
246.153
246.71
246.678
247.661
251.101
243.302
245.4
245.236
247.857
250.446
250.479
248.611
246.088
247.792
247.431
247.333
247.103
247.431
248.054
249.594
246.415
247.988
240.091
253.035
251.265
250.085
249.266
242.745
246.219
246.448
248.775
237.634
239.01
241.271
252.346
248.185
250.544
247.202
248.545
247.595
249.463
250.97
248.545
250.085
248.513
246.907
250.38
251.199
250.937
249.332
252.117
249.037
253.657
254.116
253.493
253.395
251.789
250.479
251.068
251.036
249.07
248.676
249.463
248.906
247.235
254.05
252.871
249.823
251.101
253.755
252.314
254.411
251.789
248.414
250.741
250.479
250.773
252.117
251.757
252.281
251.855
257.851
252.051
254.476
252.019
254.575
252.903
252.379
250.282
251.298
249.299
251.429
251.855
254.28
249.168
252.281
251.724
254.444
255.164
245.4
251.953
255.132
254.411
252.379
256.868
251.265
258.376
256.672
258.408
251.199
253.886
252.445
257.982
258.212
254.214
263.487
244.679
248.971
249.889
251.331
249.79
256.213
255.033
257.13
253.133
244.744
255.984
255.295
256.246
253.133
257.524
256.836
254.673
254.083
255.23
257.229
255.197
258.212
259.719
259.064
257.327
256.508
253.592
258.343
254.083
246.153
252.445
253.002
253.493
250.708
251.167
253.297
251.134
250.348
251.298
248.021
250.905
250.02
247.235
249.987
251.953
250.085
253.657
250.118
252.117
254.083
253.002
253.198
253.067
254.312
252.183
251.888
251.265
248.676
251.363
252.674
251.199
253.657
245.924
248.349
251.232
252.084
257.065
250.216
254.673
250.118
251.199
250.773
256.049
251.888
253.526
251.757
246.415
252.314
254.476
250.937
253.559
256.082
253.362
252.838
254.673
252.674
255.853
249.004
255.263
254.607
253.46
251.494
250.151
254.804
254.509
252.019
255.295
250.544
256.016
251.429
253.985
254.968
254.149
252.871
256.442
255.394
253.362
249.594
253.329
256.311
253.428
248.873
257.95
254.771
253.788
252.641
254.87
255.59
253.919
253.46
259.654
257.393
257.753
255.328
255.689
255.033
256.442
260.309
254.28
261.882
257.524
256.115
258.474
257.819
257.425
260.112
255.197
254.411
259.686
260.276
258.867
253.493
256.836
256.41
257.393
258.114
259.424
260.047
258.572
258.31
258.114
258.736
257.327
258.9
259.588
262.21
256.901
258.572
258.408
257.95
256.18
258.802
256.049
262.111
261.456
255.525
258.703
259.195
260.276
261.423
265.945
270.434
269.582
271.483
267.878
268.96
267.583
265.978
270.205
274.399
266.011
270.631
260.276
262.111
274.891
264.143
264.602
269.681
257.655
262.701
269.877
269.582
271.45
271.417
264.176
269.222
268.501
269.976
271.319
271.712
271.942
273.875
270.926
269.451
271.778
270.205
271.385
272.663
267.583
273.023
275.12
273.089
273.514
271.942
270.696
270.139
270.631
276.529
266.469
262.603
263.127
263.356
263.16
263.717
264.798
262.242
266.437
267.256
266.568
265.978
267.026
268.173
263.291
267.715
264.11
267.715
267.256
265.126
266.83
265.519
268.861
268.042
263.455
268.567
268.698
266.863
262.603
267.19
266.174
264.372
267.19
266.076
268.009
265.781
268.632
263.061
265.159
268.894
268.403
266.109
265.355
266.469
263.946
264.241
261.521
263.619
263.324
266.732
266.437
263.291
269.287
267.944
267.518
262.472
268.993
266.699
262.603
263.061
265.978
265.552
266.076
281.215
278.659
280.953
268.206
272.204
269.418
267.813
280.986
269.812
272.761
293.47
285.868
281.772
283.083
282.722
281.149
281.149
283.836
279.839
283.607
283.181
282.952
284.23
281.149
281.838
283.836
283.279
274.301
268.796
299.336
322.437
311.525
310.116
309.92
309.658
317.489
321.716
318.013
288.621
295.469
282.034
277.873
280.756
275.874
278.266
280.691
276.496
272.63
308.937
313.917
356.254
293.372
296.747
320.242
351.666
341.115
309.428
284.328
285.671
281.543
276.005
314.376
337.183
346.718
314.606
307.167
277.185
275.251
285.639
275.448
277.119
282.69
280.363
282.296
287.244
280.887
281.444
286.294
286.917
287.9
286.556
294.158
296.583
287.474
286.949
287.146
286.425
289.112
291.308
285.147
288.883
291.308
292.585
290.357
292.52
288.424
290.652
287.146
290.161
299.008
292.585
295.272
291.57
298.746
294.519
291.865
295.338
299.565
293.896
290.357
288.883
297.861
294.584
295.109
294.814
301.4
296.649
295.043
299.401
298.484
294.715
296.124
298.287
297.599
296.157
296.092
295.404
296.649
295.698
287.801
291.078
296.911
292.946
297.107
294.945
291.439
299.27
294.519
291.471
296.55
296.944
295.076
298.09
294.781
294.519
296.714
295.895
299.991
296.55
298.811
298.025
295.666
299.008
299.631
298.484
297.435
287.441
300.253
297.697
294.748
301.171
304.415
301.99
299.074
299.041
299.86
292.159
300.417
295.895
291.504
297.337
293.995
297.009
291.897
299.958
297.796
296.288
293.601
298.32
294.846
296.485
296.157
294.519
298.91
301.531
292.815
294.65
302.186
299.958
295.764
297.468
301.138
297.402
297.271
300.024
301.335
303.497
299.106
300.941
300.745
302.645
300.22
291.897
298.32
298.844
